20
30
20
10
10 0 11 2 1 12 5 3 4 14 9 7 6 8 13 15 16 17 18 19 
0 0 1 4 0 8 0 0 8 5 2 3 0 9 1 1 0 0 4 2 
0 0 7 8 0 0 0 0 0 0 0 0 0 9 0 0 0 0 0 0 
1 7 0 0 0 0 0 0 0 0 0 0 0 0 0 1 0 0 0 0 
4 8 0 0 0 0 6 0 0 0 0 0 0 0 4 0 0 0 0 0 
0 0 0 0 0 0 0 0 0 0 7 0 0 0 0 7 0 0 0 0 
8 0 0 0 0 0 0 0 0 0 0 0 0 0 0 0 0 7 7 0 
0 0 0 6 0 0 0 0 0 0 0 0 0 0 0 0 0 0 4 0 
0 0 0 0 0 0 0 0 0 0 0 0 0 0 0 0 6 0 0 0 
8 0 0 0 0 0 0 0 0 0 0 2 0 0 0 0 0 0 0 0 
5 0 0 0 0 0 0 0 0 0 0 0 0 5 0 0 0 0 0 0 
2 0 0 0 7 0 0 0 0 0 0 0 3 0 0 0 0 0 0 0 
3 0 0 0 0 0 0 0 2 0 0 0 0 0 0 0 0 0 0 4 
0 0 0 0 0 0 0 0 0 0 3 0 0 0 0 0 0 3 0 0 
9 9 0 0 0 0 0 0 0 5 0 0 0 0 0 0 0 0 0 0 
1 0 0 4 0 0 0 0 0 0 0 0 0 0 0 0 0 0 0 0 
1 0 1 0 7 0 0 0 0 0 0 0 0 0 0 0 0 0 0 0 
0 0 0 0 0 0 0 6 0 0 0 0 0 0 0 0 0 0 0 9 
0 0 0 0 0 7 0 0 0 0 0 0 3 0 0 0 0 0 0 0 
4 0 0 0 0 7 4 0 0 0 0 0 0 0 0 0 0 0 0 0 
2 0 0 0 0 0 0 0 0 0 0 4 0 0 0 0 9 0 0 0 
